  Apym  1964 12 12 13 13 10  9  9  8 11 10  7  5  9.9
  Apym  1965  6  9  8  8  6 10  8  9 10  7  6  7  7.8
  Apym  1966  7  8 13  7  9  6  9 11 21 11 10 12 10.3
  Apym  1967 11 11  7  9 25 12  8  9 16 10 10 14 12.0
  Apym  1968 11 16 13 13 13 17 10 12 14 16 17 10 13.5
  Apym  1969  8 15 17 14 17  9  8  8 15  9 10  7 11.4
  Apym  1970  7  7 17 16  9 11 19 13 11 12 12  9 11.9
  Apym  1971 12 12 11 15 13  9  8  9 13 12 11 10 11.3
  Apym  1972 13 10 12 11 10 15  8 24 13 12 14 10 12.6
  Apym  1973 16 20 25 30 17 17 12 12 14 18 12 11 17.1
  Apym  1974 15 16 23 21 18 17 24 19 23 26 18 16 19.6
  Apym  1975 15 18 20 16 13 11 12 10 10 12 18 12 13.9
  Apym  1976 13 17 23 17 14 10  9  9 13 12  9 10 12.9
  Apym  1977 10 11 11 16 11  8 14 13 16 13 10 10 11.9
  Apym  1978 15 16 16 23 25 20 13 17 18 12 15 13 16.9
  Apym  1979 16 15 19 25 14 12 12 17 14 12 10  9 14.5
  Apym  1980 10 11  8 12 10 13 11 10  8 14 13 13 11.1
  Apym  1981  9 14 18 28 20 12 19 16 12 23 15 10 16.3
  Apym  1982 12 33 18 22 17 22 30 21 36 18 21 21 22.5
  Apym  1983 16 27 23 24 22 15 12 16 14 17 21 15 18.6
  Apym  1984 13 17 21 25 17 15 16 16 24 23 21 18 18.8
  Apym  1985 16 15 11 21  9 11 14 13 13 14 15 13 13.7
  Apym  1986 14 27 13  8 12  8  8 12 17 11 13  8 12.6
  Apym  1987  8 10 10  7  8  7 11 13 19 16 13  9 10.9
  Apym  1988 13 15 14 16 12 11 10 10 12 13 12 13 12.7
  Apym  1989 19 16 41 23 16 17  8 20 17 21 19 16 19.4
  Apym  1990 14 23 23 27 16 16 14 19 14 15  9  7 16.3
  Apym  1991  8 10 27 17 18 44 27 30 20 31 33 15 23.4
  Apym  1992 14 31 14 11 21 15 10 15 25 16 14 13 16.6
  Apym  1993 17 16 24 19 12 12 10 12 15 14 15 14 15.0
  Apym  1994 15 30 24 29 26 14 11  8 12 22 14 13 18.2
  Apym  1995 14 15 15 16 19 11  8  9 13 16  9  9 12.7
  Apym  1996  9 10 11 11  7  5  7  9 15 13  8  7  9.3
  Apym  1997  9 11  8 10  8  7  6  7 10 10 10  4  8.4
  Apym  1998  8  8 13 10 18 10 11 18 13 13 16  8 12.0
  Apym  1999 10 12 14 12  8  7 10 15 19 19 14 10 12.5
  Apym  2000 13 15  9 15 15 15 21 16 18 18 17  7 15.0
  Apym  2001  8  7 20 22 10 10  9 11 13 20 16  9 12.9
  Apym  2002  8 10 10 17 12  7 11 14 13 25 17 13 13.1
  Apym  2003 13 17 21 20 26 24 19 23 18 35 28 16 21.7
  Apym  2004 22 13 14 11  8  8 23  9  9  8 25 11 13.4
  Apym  2005 24 11 12 11 19 12 14 14 20  8  9  9 13.5
  Apym  2006  6  6  8 11  7  7  7  9  8  8  9 15  8.4
  Apym  2007 10  7  8  9  8  6  7  6  9  7  7  6  7.5
  Apym  2008  8 11 11  9  6  7  5  5  6  7  4  5  6.9
  Apym  2009  4  5  5  4  4  4  4  5  4  4  3  2  3.9
  Apym  2010  3  5  5 10  8  7  5  8  5  6  6  4  6.0
  Apym  2011  6  6  8  9  9  8  8  7 12  7  5  4  7.5
  Apym  2012  7  9 16 10  7 10 14  7  8 10  7  3  9.1
  Apym  2013  5  6 11  5 10 13 10  8  5  8  6  5  7.6
  Apym  2014  5 11  5  8  6  7  4  8 10  9  9 11  7.7
  Apym  2015  9 10 16 11  8 13  9 14 16 14 12 14 12.2
  Apym  2016  9 10 11  9 12  8  9 10 15 15  9  9 10.5
  Apym  2017  9 10 14 12  8  6  9 11 18 10 10  7 10.3
  Apym  2018  6  6  8  7  7  7  5  9  9  6  6  6  6.9
  Apym  2019  6  7  6  6  7  4  5  7 10  7  4  3  6.1
  Apym  2020  4  6  6  5  4  4  4  6  9  6  5  5  5.3
  Apym  2021  4 10 10  8  6  5  6  6  7  7 10  6  7.2
  Apym  2022  9 10 10 12  7  8 10 11 12 11  9 11 10.1
  Apym  2023  9 14 14 13 11  9  8  7 14  8 12 10 10.9
  Apym  2024  5  5 11 10 24 10  7 16 15 19  9  8 11.7
  Apym  2025 13 14 16 18 17 22 12 10 14 16 21 13 15.5
  Apym  2026 22 13 15                            16.9
